1 34
7 8
11 19
13 15
25 26
28 29
34 35
41 42
44 45
50 51
57 58
61 63
68 70
77 78
87 88
91 92
99 100
107 108
113 114
117 118
121 137
123 136
128 129
132 133
140 145
141 142
148 149
153 154
155 159
156 157
165 166
174 175
183 184
191 194
192 193
2 1
202 203
3 34
216 217
219 220
225 258
229 231
238 239
246 247
249 250
255 256
265 266
270 274
272 273
275 276
281 282
284 285
294 295
302 303
305 306
311 344
315 317
324 325
332 333
335 336
341 342
351 352
359 360
362 363
372 373
380 381
384 385
388 389
391 392
397 398
401 402
404 405
4 13
417 418
425 426
428 429
438 439
446 447
449 450
454 456
463 464
472 473
478 479
481 482
487 488
495 496
5 8
508 509
516 517
524 525
532 533
538 540
546 547
552 555
558 560
6 46
569 570
572 573
582 583
590 591
593 594
603 604
611 612
614 615
624 625
629 631
632 634
640 641
646 647
649 650
659 660
668 669
674 679
675 676
681 683
689 690
695 696
698 699
708 709
713 714
715 749
719 720
722 723
732 733
737 739
745 746
750 785
754 755
757 758
767 768
772 774
780 781
789 790
792 793
802 803
807 809
815 816
823 828
824 825
831 837
832 833
840 841
7 9
850 851
853 854
863 864
871 872
874 875
884 885
889 892
894 897
899 902
8 4
911 913
915 916
918 919
925 926
9 0
10 0
11 6
938 939
943 944
948 950
951 953
955 957
958 960
12 5
965 968
966 967
969 975
970 974
971 973
13 4
980 982
983 985
991 992
1000 1001
